Year,GDP Growth (%),Annual Change (%)
2014,2.52,0.41
2015,2.95,0.42
2016,1.82,-1.13
2017,2.46,0.64
2018,2.97,0.51
2019,2.47,-0.5
2020,-2.21,-4.68
2021,5.8,8.01
2022,1.94,-3.86
2023,2.54,0.61
